$ANSIBLE_VAULT;1.1;AES256
36646630636136366333363535333364353339373234396264306537306131636338376164646466
3432656363613138616337663232303666313461626264350a356366346264346235333861613232
32663165646532623636383835613738363132323065353463373033323464623931353938383734
3730323930323832630a306266616262323364666361343764323334343363353836643231636663
34666664646137316435623236393738353330313832313566343165333763336138333932663638
33396433393362383862393161666238623038633535393331313961356436343935666132643435
30626562333364666134383063343238363732333031353334623035346230386366303839646261
64656430303933626336356465626237383365663432373033633665646332373166636334303134
30303234313132626334333535643163326466663535616462643333303966653762386235396563
37326439353332643931643464366363333039616665623965306266653132316633383633653663
61653631366532393737333931653039353763386637323036396431333836333561393334613131
34666564333339363165383930366232663435326136626461366230633239396633656233393362
36653439613334633831393335646365393532333537663863303432343032386565316437313263
64343836303730356235306435613263303461373531333066306330633637643431653039356631
36623737393633666463643630386332343338323535663732346566653530303738363661646637
36306436323838646536313663613562653337636437376364376265313236336434303864666233
37613330386132303238363433326361313061613735623139303963626566643434636437393565
64623632363761346231313939363733356432666632336337616534393366356462396434373434
65353039383136623263383363366138363331663362393133306335306463663037353264356530
64343837396636343531393163366332336230353434336361326232333837663163386661333433
32303530393461353132396133303834326231303166613136623639376236613633646338323633
30316330636665386532663234623636343732323435633332386231316639623432363234383563
62363736666161303234376435386332326336353163623139656632393639326234353134663966
66326333613531343932356437303637653931306563393162316331316363363732623630636433
64356333636236663132636264323439633439373766613364316130636263633233623961653836
65336439646437303137396330353034396631373734303538313535336365343765646264663538
63356338356536636235353564656336303438646537646262393836666531626436386338616164
38643563383163613633333631633331353061363562366239373633303837353661643335336437
65363836333131333236643930373764313031353535636234643532323334633036363363396162
33616234383230306236386532643764393331323864306561356433396531386365303731343738
38336330323539653766636666326465313933633739633339646332663064366130333339316336
38326363343064363835346166643565626231613139633431626661343930303432633864346334
39636139353637343038636632633163613735323632306163313636373863643761393566343535
62613461316636323161636662626366333630663037396665323634663039303235343331323832
36313534633163306434646631353161616136636634346535323165633337316532353761346432
66333761616438646266666162613530376262356163323236396461363839623335333664663038
65376264316563663432663965306239373364316535626563396537663862383637636664643764
63316134396434353434363062616631626139393532616563646536383065366566643363346338
37323230616265343539346138373838643736613030323335306162653633666361653039356566
39346439373538623038343062356661363531343033363337363837663432623736393635653863
35373062396134323961626437616635343965383130656435663162323966373265333666333865
63313636356135386435616463303237626536333030326434333136313665633239363661303734
35646164386637616665663763653632613765306230306135373337646666656365366434333837
62653230326530613561363961363939393731646138386564613266323563333266326233396330
34396164613762376131313031663930613233363332366661613330616339663239653861616133
34623563386431363037363164383138633462633634616565333034616534343561363463396330
33346530613931396532636436343961613334373739383337646634653161313938303965333264
36353333666132346465613637626530633839653661366364316264313131373035313762376331
30353362653832313865313936653364393834313131316330333536656432326361663335623864
39353830656164303737643636353336366531646262616335666233646639613165383836336635
37376535633037643364616666613037663838353136633338316463326363353232366638386231
61366337653534623235396662313839663864326163643731333535363530633732363932656266
32623666643963356261303232623364663135373234343564616635303164346661633733666138
34383331346464323736386633316563623435303465633339623734623139663365636231613962
31373663653961383234336636333935366566653531386137373662643266633962343363373664
39353361626338366662363235313033646536373664333666393833633563313161613435376131
39646233353838643339343439373462353339373537373965393434393361306332326435633761
63373537633734306138613663323061383765663362646463616661653839656431376336313130
66396461623164663539346233646631336464383232303164323939326238363831393966393437
61346266333938396434616339653234313234623637373334303230653030396262623463666331
36363330396232633137396165656538383234373462616564303034666463643131386165613035
36343336613738386537306331366661323262343935633262626561613163303563646565616136
38316334313639643536396166373238636134666264303862656562633466396330636333346432
37326437373235623630386361313439383230323063383962643037643362663239393138396436
32323861313062613663366661626131656332323766643139656237353062303038663935613666
33663134356561353338366564623432383232643261616530646262363632666238633539303637
39633364373862653836643835363866353732626135373864386533666536346365306537343831
34386438636262373035303566306266656630343438313734646662376136316661626533646161
31363965313135333761653130646530373334653737346362333430663235633835386633366563
31316334333130306633623861366239623965653661373338326361383464663663663637343135
35333937643865373662396361343862633938313130653366336364666563653963643332386164
33313032376363373566336662643762363162656132363263333631393138373466323935336662
66383439613161373532313439396262316636323530363237623462336261346231626136623630
65326333356265343738316539373335383431623833613835616538323339653536393665626237
39636432636361323639303431396237653432643066643937643132383565373530303161376263
38393435363738356531623266656533656235376461636633333962653361386233636563343739
64386565356362363563333438313061373762643935303331396132373865656339373161363664
32353566366161653430386666356662663663656461666539373063326336383537356631636432
31323338343465656137613361633636346430383766663333643062626236646439666564376638
37316339323566613961396163326631643063643736386163353036626332653339623638663835
36623261376532653962636462666634613037393235613662643663336632376137613330303634
65363961336630333030666132363332373831336632393862346162393238623238393962663164
37633764343839613365396339356231316237303761623031623264653330653864656134626130
66363336373632313533316533396563633065613864623665306265333034303230663832343631
39303062363131326431356666653162356135353066356437626161323363656636323632663038
61366630323262346464633962663731346130363066393966666463626238623064633263666439
39656137353431613938663634663461313831626239373838363733363461356363336531383831
64366536303565343539323235313666333565616136613034396562323531393031353966333831
65666232616232633130653634393333393037613662386535656539326131366564663934376563
30663538396330336166643134616138323931613565383661333537616663316263343830366532
33316162333939353539363131386661393730303533663536633732353561356239323837653332
61306531663461376364366462343436353163333534626262613536353234373233643836363537
39616334303334333530636266636663613261353835663165376261393338356564386161666336
32373363633535613631656331343934636465653563623236303966626233346534306636356531
34393465313337396238353930396635633936376664356666333436373331646435313935313933
36613064316464663137353561633961633332336637386133303439383862373464613763343137
30383539613264323436666339323336353533376535343864663430383862353331636539353466
65303434663862393162313261393739336461333566306436643964356662663438346666353732
35393462383235303065383564656334643839313134623539386361313835346131333938616438
31646165623533666137343735343164336538356266316431663161336636386262633338323561
61346631613930383838656135663163663834616232613465333331333833623533306131613837
32383064396266613766636438366436623361343064383866356537303337306363626262663534
32653963346535626566396530346633363363343437643039666466646232313765363066663538
66633130613439626433376332316533333262643339393731313437636532626238646637306634
66616331613265623334313739323437383066313466623239666139643033346338393464346462
33356562616631626135653930313439323532636531623736623536316635306133633761353263
38313034663235393766646461303338373236303564643531306637623763393136613731336330
32323764353132333633336138333931663166316162646539386230326136326165616262386562
66353461336234613432313832363564386437623139333635646137373132663033396466323031
33356531613735626164346438393138383430653235366161343763393639366532653934363663
31376232396162353765316133386566656465613933386234306139633066343863656438313762
63343062373139353638623734363735613032636533303961613166323764623537653762396636
38326237373538663437336665386131643435396338353231343866303564323364376532623061
39666534373361316333616234316530636139316531653062633466636366313062343335663062
37323762383162303534363666396631643236346537383531646462636234616436373631633439
34343861646165663338393261383736666439646661346631343231633138663131313161633233
39346264333433666435313961336335643662383436623239623666363530316362336432333239
64323431636531386132396666313163383233333363396334376538306533366638616337353138
34616561313037346362616336303661643235326430383035343032613434363230666236616534
33313837393134646235653637313835383734353764333363643036316436336535393435613631
38393861653665356164356336633131393034616335383762343438633338386265303836316630
31383535663863343064346135373339666235356231326632343435313562613466613864383433
32636464383463336566333837383263333265383663613461643033643535356531666239643662
39346162313261306331383162313065323366346630663933323838326539393533343631313766
62356266386431633565326638623339333334393962373635323231363565633737383761343065
61303963633133373030343830303761323566646131353365343030656133376562646237353165
63616533303331626339396564646333343066313063636139303534376631646466323166376431
66306434656137323033643930643764643832323062386664663966353635326531663539643761
36633934336231623962646162373433613965363662326635393236316638656665383261303761
61376632646165386465613536336435383239643465353735353339376337363961663964616331
66303138303335326665633438623538653439346231643334653465323861343233373931643961
62323966356538353765663963326461663937373263623637646230393432633730656334373263
36383832326464633539393639363039316634646261313931636532633535613463396539616434
31616234343435623431353261623535386664623765323634343136396634333734333438616633
38626165303765363131313461326264313565393165343836663861633761393865613566653163
63383436656237326263633438396530656564373263386330333138313339636264376530633161
66396561356165313736356537383362373536633431353431653136613061333237626234303964
36363532343737343736653633663835613930336336663564306666313339663837653662613938
64643636356232396361653436383061363865333831373332333962303162376136626566353865
37363631663738336639323161356538346632383366376266636535623332333033396239313531
36303133643264623062643734633065353766373863623237633466383935386163663536663263
64366231633033366530383663613837353834636263356463343063643161356161653230393730
38373034653931363061613036376536353239666362373461383165663264306336353936373564
66616132313633623036633463353864376632613237303137343037373932333938623666666461
65313261333963306363636364313839383966356534353966393364323933353438343964663761
62373937633764326139353933666334353438303761306235653739303134323230386432643462
35666431383866656362353336376333613631623664616363633934353964303661393861396434
66303831666431393233316366656237306439333061643034653661303238336137333963376238
63643764376361316232656339616136356139336566653430353833313335343938383137376561
34373931363862373639333634306538636265626363393733623237336263326465313862363861
64323364623834376637303266653732303562363162373937626430323537643830653163383330
37343930643637356133383464326438313661376262376164333634636137633765393230393236
62346361303630306134626436373066633732323136636565386536333061323438396437613730
30303764313035333030386238343931383837336637363465373736336262326430333763333533
32306365323666383431633437316538333064626137623233653664363033373133663464383261
64333130306666366132633665393339306664306336636431363766366530636461373730633037
35396264346638303761663234663637666565373533636637323065353338383338353630366366
30366262663334323938363063656664363236356566633162386161343465323462366362373330
61363864303437663332303933356163363030353336356165343733303163383166356263323861
64303433363562336238393562613931303834393333313266613131633033353364633066656539
30626336383930366365313838353332323534376533643834633638373664623033323838626265
38363838303431643734363132656337643966383433616634393139376537643266303836623238
36323638313863333334386535363566313665383534616132666562383963346432383061663038
30636463663762626235633962306561333662656363653731373930353036633364636361663266
6430
